1,1,119.09,334.55,139.09,57.26999999999998,1,1,1.0
1,2,209.09,249.09,92.71000000000001,41.82000000000002,1,1,0.0
1,3,734.55,265.46,70.95000000000005,39.09000000000003,1,1,1.0
1,4,554.55,258.91,38.180000000000064,24.539999999999964,1,1,1.0
1,5,1.82,265.27,20.0,20.910000000000025,1,1,1.0
2,1,96.36,337.27,139.08999999999997,57.28000000000003,1,1,1.0
2,2,209.09,249.09,92.71000000000001,41.82000000000002,1,1,0.0
2,3,721.82,267.27,67.27999999999997,39.09000000000003,1,1,1.0
2,4,554.54,258.91,32.75999999999999,24.539999999999964,1,1,1.0
2,5,3.33,265.27,20.0,20.910000000000025,1,1,1.0
3,1,73.64,339.09,139.08999999999997,57.27000000000004,1,1,1.0
3,2,209.09,249.09,92.71000000000001,41.82000000000002,1,1,0.0
3,3,709.1,270.91,70.0,39.089999999999975,1,1,1.0
3,4,550.91,258.91,32.75,24.539999999999964,1,1,0.0
3,5,4.85,265.27,20.0,20.910000000000025,1,1,1.0
4,1,54.54,346.36,139.1,57.27999999999997,1,1,1.0
4,2,209.09,249.09,92.71000000000001,41.82000000000002,1,1,0.0
4,3,696.37,272.73,70.0,39.089999999999975,1,1,1.0
4,4,550.91,258.91,27.290000000000077,24.539999999999964,1,1,0.0
4,5,6.36,265.27,20.0,20.910000000000025,1,1,1.0
5,1,23.7,350.91,147.20000000000002,57.26999999999998,1,1,1.0
5,2,209.09,249.09,92.71000000000001,41.82000000000002,1,1,0.0
5,3,680.92,272.73,72.68000000000006,39.089999999999975,1,1,1.0
5,4,547.27,262.55,23.629999999999995,24.539999999999964,1,1,0.0
5,5,8.18,267.09,20.0,20.910000000000025,1,1,1.0
6,1,1.82,353.64,143.62,57.27000000000004,1,1,1.0
6,2,209.09,249.09,92.71000000000001,41.82000000000002,1,1,0.0
6,3,664.6,278.18,77.17999999999995,39.089999999999975,1,1,1.0
6,4,547.27,262.55,20.029999999999973,24.539999999999964,1,1,0.0
6,5,8.18,267.09,22.72,20.910000000000025,1,1,1.0
7,1,1.82,353.64,119.08000000000001,63.660000000000025,1,1,1.0
7,2,209.09,249.09,92.71000000000001,41.82000000000002,1,1,0.0
7,3,647.3,280.91,81.75999999999999,39.089999999999975,1,1,1.0
7,4,531.82,263.46,20.92999999999995,24.54000000000002,1,1,0.0
7,5,13.64,271.64,22.71,20.910000000000025,1,1,1.0
8,1,1.82,353.64,101.78,63.660000000000025,1,1,1.0
8,2,209.09,249.09,92.71000000000001,41.82000000000002,1,1,0.0
8,3,638.21,281.82,78.08999999999992,39.09000000000003,1,1,1.0
8,4,521.82,263.46,20.92999999999995,24.54000000000002,1,1,0.0
8,5,15.45,273.0,22.720000000000002,20.910000000000025,1,1,1.0
9,1,1.82,358.2,76.28,59.10000000000002,1,1,1.0
9,2,209.09,249.09,92.71000000000001,41.82000000000002,1,1,0.0
9,3,623.66,284.55,78.09000000000003,39.089999999999975,1,1,1.0
9,4,514.54,263.46,20.930000000000064,24.54000000000002,1,1,0.0
9,5,17.27,274.36,22.720000000000002,20.909999999999968,1,1,1.0
10,1,0.0,372.7,47.2,47.30000000000001,1,1,1.0
10,2,209.09,249.09,92.71000000000001,41.82000000000002,1,1,0.0
10,3,609.12,286.36,78.09000000000003,39.099999999999966,1,1,1.0
10,4,509.09,264.36,20.930000000000007,24.55000000000001,1,1,0.0
10,5,19.7,274.06,22.709999999999997,20.910000000000025,1,1,1.0
11,1,0.0,372.7,25.4,47.30000000000001,1,1,1.0
11,2,209.09,249.09,92.71000000000001,41.82000000000002,1,1,0.0
11,3,592.75,290.91,78.09000000000003,39.089999999999975,1,1,1.0
11,4,503.18,264.83,27.329999999999984,23.170000000000016,1,1,0.0
11,5,22.12,273.76,22.720000000000002,20.910000000000025,1,1,1.0
12,2,209.09,249.09,92.71000000000001,41.82000000000002,1,1,0.0
12,3,578.21,287.27,78.99000000000001,39.10000000000002,1,1,0.0
12,4,497.27,265.3,33.73000000000002,21.789999999999964,1,1,0.0
12,5,24.54,273.46,22.72,20.900000000000034,1,1,1.0
13,2,209.09,249.09,92.71000000000001,41.82000000000002,1,1,0.0
13,3,565.48,290.91,78.99000000000001,39.089999999999975,1,1,0.0
13,4,490.91,265.3,33.72999999999996,21.789999999999964,1,1,1.0
13,5,25.45,274.62,22.720000000000002,20.909999999999968,1,1,1.0
14,2,209.09,249.09,92.71000000000001,41.82000000000002,1,1,0.0
14,3,548.21,290.0,78.99000000000001,39.089999999999975,1,1,0.0
14,4,484.55,265.3,33.71999999999997,21.789999999999964,1,1,1.0
14,5,26.36,275.79,22.72,20.909999999999968,1,1,1.0
15,2,209.09,249.09,92.71000000000001,41.82000000000002,1,1,1.0
15,3,530.03,301.82,78.99000000000001,39.09000000000003,1,1,0.0
15,4,480.0,263.48,33.73000000000002,21.789999999999964,1,1,1.0
15,5,27.27,276.96,22.720000000000002,20.910000000000025,1,1,1.0
16,2,209.09,249.09,92.71000000000001,41.82000000000002,1,1,1.0
16,3,512.8,301.82,88.90000000000009,39.09000000000003,1,1,0.0
16,4,470.91,262.57,33.72999999999996,21.79000000000002,1,1,1.0
16,5,28.18,278.13,22.72,20.910000000000025,1,1,1.0
17,2,209.09,249.09,92.71000000000001,41.82000000000002,1,1,1.0
17,3,494.62,303.64,88.89999999999998,39.09000000000003,1,1,0.0
17,4,466.36,262.27,33.72999999999996,21.79000000000002,1,1,1.0
17,5,29.09,279.3,22.720000000000002,20.909999999999968,1,1,1.0
18,2,209.09,249.09,92.71000000000001,41.82000000000002,1,1,1.0
18,3,478.25,306.37,88.89999999999998,39.089999999999975,1,1,0.0
18,4,461.82,261.97,33.72000000000003,21.789999999999964,1,1,1.0
18,5,30.0,280.47,22.72,20.909999999999968,1,1,1.0
19,2,209.09,249.09,92.71000000000001,41.82000000000002,1,1,1.0
19,3,457.35,303.6,95.25,44.589999999999975,1,1,0.0
19,4,457.27,261.66,33.73000000000002,21.799999999999955,1,1,0.0
19,5,30.91,281.64,22.720000000000002,20.910000000000025,1,1,1.0
20,2,209.09,249.09,92.71000000000001,41.82000000000002,1,1,1.0
20,3,440.98,308.15,95.25999999999999,44.58000000000004,1,1,0.0
20,4,450.91,261.66,33.72999999999996,21.799999999999955,1,1,0.0
20,5,30.0,283.0,22.72,20.910000000000025,1,1,1.0
21,2,209.09,249.09,92.71000000000001,41.82000000000002,1,1,1.0
21,3,425.53,309.96,95.25,44.59000000000003,1,1,0.0
21,4,444.54,261.66,33.72999999999996,21.799999999999955,1,1,0.0
21,5,29.09,284.36,22.720000000000002,20.909999999999968,1,1,1.0
22,2,209.09,249.09,92.71000000000001,41.82000000000002,1,1,1.0
22,3,404.62,315.42,107.07999999999998,44.579999999999984,1,1,0.0
22,4,438.64,262.12,33.72000000000003,21.310000000000002,1,1,0.0
22,5,28.18,285.73,22.72,20.909999999999968,1,1,1.0
23,2,209.09,249.09,92.71000000000001,41.82000000000002,1,1,1.0
23,3,386.44,320.87,107.07999999999998,44.589999999999975,1,1,0.0
23,4,432.73,262.57,33.71999999999997,20.840000000000032,1,1,0.0
23,5,27.27,287.09,22.720000000000002,20.910000000000025,1,1,1.0
24,2,209.09,249.09,92.71000000000001,41.82000000000002,1,1,1.0
24,3,370.98,320.87,107.07999999999998,44.589999999999975,1,1,0.0
24,4,425.45,261.67,33.73000000000002,20.829999999999984,1,1,0.0
24,5,26.36,287.55,22.72,20.909999999999968,1,1,1.0
25,2,209.09,249.09,92.71000000000001,41.82000000000002,1,1,1.0
25,3,349.16,326.33,107.07999999999998,44.58000000000004,1,1,0.0
25,4,418.18,261.67,33.73000000000002,20.829999999999984,1,1,0.0
25,5,25.45,288.0,22.720000000000002,20.910000000000025,1,1,1.0
26,2,209.09,249.09,92.71000000000001,41.82000000000002,1,1,1.0
26,3,330.98,329.05,107.07999999999998,44.589999999999975,1,1,0.0
26,4,412.73,261.67,33.71999999999997,20.829999999999984,1,1,0.0
26,5,20.91,290.73,19.99,20.909999999999968,1,1,1.0
27,2,209.09,249.09,92.71000000000001,41.82000000000002,1,1,1.0
27,3,312.8,337.24,107.07999999999998,44.579999999999984,1,1,0.0
27,4,407.27,261.67,33.73000000000002,20.829999999999984,1,1,0.0
27,5,18.79,291.94,19.990000000000002,20.910000000000025,1,1,1.0
28,2,209.09,249.09,92.71000000000001,41.82000000000002,1,1,1.0
28,3,289.2,336.33,116.10000000000002,57.27000000000004,1,1,0.0
28,4,404.09,262.56,33.73000000000002,17.670000000000016,1,1,0.0
28,5,16.66,293.15,19.999999999999996,20.910000000000025,1,1,1.0
29,2,209.09,249.09,92.71000000000001,41.82000000000002,1,1,1.0
29,3,271.02,336.33,116.10000000000002,57.27000000000004,1,1,0.0
29,4,400.91,263.45,33.71999999999997,14.509999999999991,1,1,0.0
29,5,14.54,294.36,20.0,20.909999999999968,1,1,1.0
30,2,209.09,249.09,92.71000000000001,41.82000000000002,1,1,1.0
30,3,248.29,341.78,116.1,57.28000000000003,1,1,0.0
30,4,390.0,263.0,33.73000000000002,14.5,1,1,0.0
30,5,10.91,293.91,19.99,20.909999999999968,1,1,1.0
31,2,209.09,249.09,92.71000000000001,41.82000000000002,1,1,1.0
31,3,223.75,343.6,122.44999999999999,57.26999999999998,1,1,0.0
31,4,379.09,262.54,33.73000000000002,14.509999999999991,1,1,0.0
31,5,7.27,293.46,19.990000000000002,20.900000000000034,1,1,1.0
32,2,209.09,249.09,92.71000000000001,41.82000000000002,1,1,1.0
32,3,201.02,347.24,122.45000000000002,57.26999999999998,1,1,0.0
32,4,379.09,262.54,33.73000000000002,14.509999999999991,1,1,0.0
32,5,3.63,294.36,20.0,20.909999999999968,1,1,1.0
33,2,209.09,249.09,92.71000000000001,41.82000000000002,1,1,1.0
33,3,178.29,352.7,129.71,58.170000000000016,1,1,0.0
33,4,379.09,262.54,33.73000000000002,14.509999999999991,1,1,0.0
33,5,2.42,294.36,20.0,20.909999999999968,1,1,1.0
34,2,209.09,249.09,92.71000000000001,41.82000000000002,1,1,1.0
34,3,157.38,359.97,129.70999999999998,58.16999999999996,1,1,0.0
34,4,379.09,262.54,33.73000000000002,14.509999999999991,1,1,0.0
34,5,1.21,294.36,19.99,20.909999999999968,1,1,1.0
35,2,209.09,249.09,92.71000000000001,41.82000000000002,1,1,1.0
35,3,125.6,363.61,144.20000000000002,58.16999999999996,1,1,0.0
35,4,361.82,261.64,33.72000000000003,14.5,1,1,0.0
35,5,0.0,294.36,19.99,20.909999999999968,1,1,1.0
36,2,209.09,249.09,92.71000000000001,41.82000000000002,1,1,1.0
36,3,102.87,364.52,144.2,58.170000000000016,1,1,0.0
36,4,346.36,261.64,33.72999999999996,9.960000000000036,1,1,0.0
36,5,0.0,294.36,10.9,20.909999999999968,1,1,1.0
37,2,209.09,249.09,92.71000000000001,41.82000000000002,1,1,1.0
37,3,73.78,369.06,144.2,58.18000000000001,1,1,0.0
37,4,340.45,261.64,33.73000000000002,9.960000000000036,1,1,0.0
38,2,209.09,249.09,92.71000000000001,41.82000000000002,1,1,1.0
38,3,48.33,371.79,150.54000000000002,71.81,1,1,0.0
38,4,334.54,261.64,33.72999999999996,9.960000000000036,1,1,0.0
39,2,209.09,249.09,92.71000000000001,41.82000000000002,1,1,1.0
39,3,21.05,374.52,150.54999999999998,71.81,1,1,0.0
39,4,328.18,262.09,33.73000000000002,9.960000000000036,1,1,0.0
40,2,209.09,249.09,92.71000000000001,41.82000000000002,1,1,1.0
40,3,1.96,382.7,150.54999999999998,71.81,1,1,0.0
40,4,321.82,262.54,33.72000000000003,9.96999999999997,1,1,0.0
41,2,209.09,249.09,92.71000000000001,41.82000000000002,1,1,1.0
41,3,1.96,382.7,126.94000000000001,71.81,1,1,0.0
41,4,311.82,262.54,33.72000000000003,9.96999999999997,1,1,0.0
42,2,209.09,249.09,92.71000000000001,41.82000000000002,1,1,1.0
42,3,1.96,382.7,99.64,71.81,1,1,0.0
42,4,307.73,258.0,33.71999999999997,9.95999999999998,1,1,0.0
43,2,209.09,249.09,92.71000000000001,41.82000000000002,1,1,1.0
43,3,1.96,390.9,74.14,63.610000000000014,1,1,0.0
43,4,303.63,253.45,33.73000000000002,9.970000000000027,1,1,0.0
44,2,209.09,249.09,92.71000000000001,41.82000000000002,1,1,1.0
44,3,1.96,408.2,49.64,46.31,1,1,0.0
44,4,296.67,252.85,33.71999999999997,9.960000000000008,1,1,0.0
45,2,209.09,249.09,92.71000000000001,41.82000000000002,1,1,1.0
45,3,1.96,409.1,26.04,45.40999999999997,1,1,0.0
45,4,289.7,252.24,33.72000000000003,9.96999999999997,1,1,0.0
46,2,209.09,249.09,92.71000000000001,41.82000000000002,1,1,1.0
46,4,282.73,251.64,33.71999999999997,9.960000000000036,1,1,0.0
47,2,209.09,249.09,92.71000000000001,41.82000000000002,1,1,1.0
47,4,276.13,251.41,33.73000000000002,9.960000000000008,1,1,0.0
48,2,209.09,249.09,92.71000000000001,41.82000000000002,1,1,1.0
48,4,269.54,251.18,33.72999999999996,9.96999999999997,1,1,0.0
49,2,209.09,249.09,92.71000000000001,41.82000000000002,1,1,1.0
49,4,262.95,250.95,33.73000000000002,9.970000000000027,1,1,0.0
50,2,209.09,249.09,92.71000000000001,41.82000000000002,1,1,1.0
50,4,256.36,250.73,33.72999999999996,9.960000000000008,1,1,0.0
51,2,209.09,249.09,92.71000000000001,41.82000000000002,1,1,1.0
51,4,248.72,250.18,33.72999999999999,9.96999999999997,1,1,0.0
52,2,209.09,249.09,92.71000000000001,41.82000000000002,1,1,1.0
52,4,241.09,249.64,33.72999999999999,9.960000000000036,1,1,0.0
52,6,948.18,229.82,11.82000000000005,53.629999999999995,1,1,1.0
53,2,209.09,249.09,92.71000000000001,41.82000000000002,1,1,1.0
53,4,233.45,249.09,33.73000000000002,9.960000000000008,1,1,0.0
53,6,944.09,229.82,15.909999999999968,53.629999999999995,1,1,1.0
54,2,209.09,249.09,92.71000000000001,41.82000000000002,1,1,1.0
54,4,225.82,248.54,33.72000000000003,9.969999999999999,1,1,0.0
54,6,940.0,229.82,20.0,53.629999999999995,1,1,1.0
55,2,209.09,249.09,92.71000000000001,41.82000000000002,1,1,1.0
55,4,218.18,248.0,33.72999999999999,9.95999999999998,1,1,0.0
55,6,935.5,229.82,24.5,53.629999999999995,1,1,1.0
56,2,209.09,249.09,92.71000000000001,41.82000000000002,1,1,1.0
56,4,212.0,248.18,33.72999999999999,10.149999999999977,1,1,0.0
56,6,929.43,229.82,30.57000000000005,56.650000000000034,1,1,1.0
57,2,209.09,249.09,92.71000000000001,41.82000000000002,1,1,1.0
57,4,205.82,248.36,33.72,10.339999999999975,1,1,0.0
57,6,923.37,229.82,36.629999999999995,59.660000000000025,1,1,1.0
58,2,209.09,249.09,92.71000000000001,41.82000000000002,1,1,1.0
58,4,199.63,248.54,33.73000000000002,10.530000000000001,1,1,0.0
58,6,917.3,229.82,42.700000000000045,62.68000000000001,1,1,1.0
59,2,209.09,249.09,92.71000000000001,41.82000000000002,1,1,1.0
59,4,193.45,248.73,33.73000000000002,10.710000000000008,1,1,0.0
59,6,912.3,229.82,47.700000000000045,62.68000000000001,1,1,1.0
60,2,209.09,249.09,92.71000000000001,41.82000000000002,1,1,1.0
60,4,187.27,248.91,33.72999999999999,10.900000000000006,1,1,0.0
60,6,907.3,229.82,52.700000000000045,62.68000000000001,1,1,1.0
61,2,209.09,249.09,92.71000000000001,41.82000000000002,1,1,1.0
61,4,179.09,248.0,33.72999999999999,10.899999999999977,1,1,0.0
61,6,902.77,229.82,57.23000000000002,65.70999999999998,1,1,1.0
62,2,209.09,249.09,92.71000000000001,41.82000000000002,1,1,1.0
62,4,170.91,247.09,33.72,10.900000000000006,1,1,0.0
62,6,898.23,229.82,61.76999999999998,68.75,1,1,1.0
63,2,209.09,249.09,92.71000000000001,41.82000000000002,1,1,1.0
63,4,162.72,246.18,33.72999999999999,10.899999999999977,1,1,0.0
63,6,893.7,229.82,66.29999999999995,71.78000000000003,1,1,1.0
64,2,209.09,249.09,92.71000000000001,41.82000000000002,1,1,1.0
64,4,158.63,246.18,33.73000000000002,10.899999999999977,1,1,0.0
64,6,888.7,229.82,71.29999999999995,71.78000000000003,1,1,1.0
65,2,209.09,249.09,92.71000000000001,41.82000000000002,1,1,1.0
65,4,154.54,246.18,33.73000000000002,10.899999999999977,1,1,0.0
65,6,883.7,229.82,76.29999999999995,71.78000000000003,1,1,1.0
66,2,209.09,249.09,92.71000000000001,41.82000000000002,1,1,1.0
66,4,147.27,244.97,33.72999999999999,10.900000000000006,1,1,0.0
66,6,875.5,229.82,84.5,71.78000000000003,1,1,1.0
67,2,209.09,249.09,92.71000000000001,41.82000000000002,1,1,1.0
67,4,140.0,243.76,33.72999999999999,10.900000000000006,1,1,0.0
67,6,867.3,229.82,92.70000000000005,75.43,1,1,1.0
68,2,209.09,249.09,92.71000000000001,41.82000000000002,1,1,1.0
68,4,132.73,242.54,33.72,10.909999999999997,1,1,1.0
68,6,859.1,229.82,100.89999999999998,79.07999999999998,1,1,1.0
69,2,209.09,249.09,92.71000000000001,41.82000000000002,1,1,1.0
69,4,126.97,243.15,33.72999999999999,10.900000000000006,1,1,1.0
69,6,852.73,229.82,107.26999999999998,79.07999999999998,1,1,1.0
70,2,209.09,249.09,92.71000000000001,41.82000000000002,1,1,1.0
70,4,121.21,243.76,33.730000000000004,10.900000000000006,1,1,1.0
70,6,846.37,229.82,113.63,79.07999999999998,1,1,1.0
71,2,209.09,249.09,92.71000000000001,41.82000000000002,1,1,1.0
71,4,115.45,244.36,33.730000000000004,10.899999999999977,1,1,0.0
71,6,840.0,229.82,120.0,79.07999999999998,1,1,1.0
72,2,209.09,249.09,92.71000000000001,41.82000000000002,1,1,1.0
72,4,106.67,243.76,33.719999999999985,10.900000000000006,1,1,0.0
72,6,832.73,229.82,127.26999999999998,81.81,1,1,1.0
72,7,829.1,248.91,19.079999999999927,37.27000000000001,1,1,0.0
73,2,209.09,249.09,92.71000000000001,41.82000000000002,1,1,1.0
73,4,97.88,243.15,33.73000000000002,10.900000000000006,1,1,0.0
73,6,825.47,229.82,134.52999999999997,84.55000000000001,1,1,1.0
73,7,822.74,248.91,19.08000000000004,37.27000000000001,1,1,0.0
74,2,209.09,249.09,92.71000000000001,41.82000000000002,1,1,1.0
74,4,89.09,242.54,33.72999999999999,10.909999999999997,1,1,0.0
74,6,818.2,229.82,141.79999999999995,87.28000000000003,1,1,1.0
74,7,816.37,248.91,19.08000000000004,37.27000000000001,1,1,0.0
75,2,209.09,249.09,92.71000000000001,41.82000000000002,1,1,1.0
75,4,84.54,243.0,33.72999999999999,10.900000000000006,1,1,0.0
75,6,815.45,229.82,144.54999999999995,90.48000000000002,1,1,1.0
75,7,806.83,249.36,19.079999999999927,37.27999999999997,1,1,0.0
76,2,209.09,249.09,92.71000000000001,41.82000000000002,1,1,1.0
76,4,80.0,243.45,33.730000000000004,10.910000000000025,1,1,0.0
76,6,812.7,229.82,147.29999999999995,93.68,1,1,1.0
76,7,797.28,249.82,19.08000000000004,37.26999999999998,1,1,0.0
77,2,209.09,249.09,92.71000000000001,41.82000000000002,1,1,1.0
77,4,72.73,243.0,33.72,10.900000000000006,1,1,0.0
77,6,803.6,229.82,156.39999999999998,97.28000000000003,1,1,1.0
77,7,793.6,249.82,15.5,37.26999999999998,1,1,0.0
78,2,209.09,249.09,92.71000000000001,41.82000000000002,1,1,1.0
78,4,65.45,242.54,33.730000000000004,10.909999999999997,1,1,0.0
78,6,796.3,229.82,163.70000000000005,97.28000000000003,1,1,1.0
78,7,780.87,250.73,15.5,37.27000000000001,1,1,0.0
79,2,209.09,249.09,92.71000000000001,41.82000000000002,1,1,1.0
79,4,57.27,242.54,33.73,10.909999999999997,1,1,0.0
79,6,789.0,229.82,171.0,97.28000000000003,1,1,1.0
79,7,772.69,252.55,15.5,37.26999999999998,1,1,0.0
80,2,209.09,249.09,92.71000000000001,41.82000000000002,1,1,1.0
80,4,46.97,241.33,33.730000000000004,10.899999999999977,1,1,0.0
80,6,780.8,229.82,165.60000000000002,97.28000000000003,1,1,1.0
80,7,761.8,255.27,18.210000000000036,37.28,1,1,0.0
80,8,947.27,236.18,9.090000000000032,33.639999999999986,1,1,0.0
81,2,209.09,249.09,92.71000000000001,41.82000000000002,1,1,1.0
81,4,43.48,240.12,33.73,10.900000000000006,1,1,0.0
81,6,772.62,229.82,172.89999999999998,97.28000000000003,1,1,1.0
81,7,756.34,256.18,18.209999999999923,37.27999999999997,1,1,0.0
81,8,943.18,237.09,9.090000000000032,33.640000000000015,1,1,0.0
82,2,209.09,249.09,92.71000000000001,41.82000000000002,1,1,1.0
82,4,40.0,238.91,33.730000000000004,10.900000000000006,1,1,0.0
82,6,764.44,230.73,172.89999999999998,97.28,1,1,1.0
82,7,741.8,261.6,23.660000000000082,31.849999999999966,1,1,0.0
82,8,939.09,238.0,9.089999999999918,33.639999999999986,1,1,0.0
83,2,209.09,249.09,92.71000000000001,41.82000000000002,1,1,1.0
83,4,32.73,238.61,33.720000000000006,10.899999999999977,1,1,0.0
83,6,753.53,231.6,177.37,100.95000000000002,1,1,1.0
83,7,731.8,263.42,23.660000000000082,31.849999999999966,1,1,0.0
83,8,930.91,240.73,9.090000000000032,33.630000000000024,1,1,0.0
84,2,209.09,249.09,92.71000000000001,41.82000000000002,1,1,1.0
84,4,25.45,238.3,33.730000000000004,10.899999999999977,1,1,0.0
84,6,745.34,233.42,184.67999999999995,100.95000000000002,1,1,1.0
84,7,720.9,263.42,34.56000000000006,31.849999999999966,1,1,0.0
84,8,923.64,243.45,9.090000000000032,33.639999999999986,1,1,0.0
85,2,209.09,249.09,92.71000000000001,41.82000000000002,1,1,1.0
85,4,18.18,238.0,33.73,10.900000000000006,1,1,0.0
85,6,738.07,236.14,184.67999999999995,100.96000000000004,1,1,1.0
85,7,711.81,262.51,34.56000000000006,31.850000000000023,1,1,0.0
85,8,919.09,246.18,9.089999999999918,33.639999999999986,1,1,0.0
86,2,209.09,249.09,92.71000000000001,41.82000000000002,1,1,1.0
86,4,12.27,237.55,33.730000000000004,10.899999999999977,1,1,0.0
86,6,728.07,237.96,183.7299999999999,100.96000000000001,1,1,1.0
86,7,699.08,262.51,34.559999999999945,31.850000000000023,1,1,0.0
86,8,913.64,248.91,9.090000000000032,33.630000000000024,1,1,0.0
87,2,209.09,249.09,92.71000000000001,41.82000000000002,1,1,1.0
87,4,6.36,237.09,33.730000000000004,10.900000000000006,1,1,0.0
87,6,717.2,239.78,189.14999999999998,102.82000000000002,1,1,1.0
87,7,689.99,262.51,34.559999999999945,31.850000000000023,1,1,0.0
87,8,906.36,246.18,9.100000000000023,33.639999999999986,1,1,0.0
88,2,209.09,249.09,92.71000000000001,41.82000000000002,1,1,1.0
88,4,0.0,238.0,21.0,10.900000000000006,1,1,1.0
88,6,706.3,243.42,192.7700000000001,105.58000000000001,1,1,1.0
88,7,674.5,265.24,40.960000000000036,31.849999999999966,1,1,0.0
88,8,900.91,245.27,8.180000000000064,33.640000000000015,1,1,0.0
89,2,209.09,249.09,92.71000000000001,41.82000000000002,1,1,1.0
89,4,0.0,238.0,15.5,10.900000000000006,1,1,1.0
89,6,698.1,243.42,194.61,107.38000000000002,1,1,1.0
89,7,666.32,266.15,40.95999999999992,31.850000000000023,1,1,0.0
89,8,894.55,245.27,8.180000000000064,33.640000000000015,1,1,0.0
90,2,209.09,249.09,92.71000000000001,41.82000000000002,1,1,1.0
90,4,0.0,238.0,12.8,10.900000000000006,1,1,1.0
90,6,686.3,246.15,198.23000000000002,111.04999999999998,1,1,1.0
90,7,654.5,267.05,40.960000000000036,31.860000000000014,1,1,0.0
90,8,887.27,245.27,8.180000000000064,33.640000000000015,1,1,0.0
91,2,209.09,249.09,92.71000000000001,41.82000000000002,1,1,1.0
91,6,679.03,245.24,198.22000000000003,111.05000000000001,1,1,1.0
91,7,640.86,267.96,40.97000000000003,31.860000000000014,1,1,0.0
91,8,879.09,245.27,8.17999999999995,33.640000000000015,1,1,0.0
92,2,209.09,249.09,92.71000000000001,41.82000000000002,1,1,1.0
92,6,665.39,247.96,201.90999999999997,111.05999999999997,1,1,1.0
92,7,630.86,267.05,40.97000000000003,31.860000000000014,1,1,0.0
92,8,871.82,245.27,8.17999999999995,33.640000000000015,1,1,0.0
93,2,209.09,249.09,92.71000000000001,41.82000000000002,1,1,1.0
93,6,655.39,250.69,209.21000000000004,111.06,1,1,1.0
93,7,618.14,266.14,40.960000000000036,31.860000000000014,1,1,0.0
93,8,864.55,248.91,8.180000000000064,33.630000000000024,1,1,0.0
94,2,209.09,249.09,92.71000000000001,41.82000000000002,1,1,1.0
94,6,646.3,251.6,209.21000000000004,111.06000000000003,1,1,1.0
94,7,607.23,268.87,40.960000000000036,31.860000000000014,1,1,0.0
94,8,858.18,251.63,8.180000000000064,34.60000000000002,1,1,0.0
95,2,209.09,249.09,92.71000000000001,41.82000000000002,1,1,1.0
95,6,633.57,253.42,217.42999999999995,111.05000000000004,1,1,1.0
95,7,589.96,267.05,42.74000000000001,31.860000000000014,1,1,0.0
95,8,844.55,246.18,8.180000000000064,34.589999999999975,1,1,0.0
96,2,209.09,249.09,92.71000000000001,41.82000000000002,1,1,1.0
96,6,622.66,254.33,217.43000000000006,111.04999999999998,1,1,1.0
96,7,581.78,268.87,42.74000000000001,31.860000000000014,1,1,0.0
96,8,840.91,247.09,8.180000000000064,34.59,1,1,0.0
97,2,209.09,249.09,92.71000000000001,41.82000000000002,1,1,1.0
97,6,614.48,256.14,217.42999999999995,111.06,1,1,1.0
97,7,567.23,269.78,42.74000000000001,31.860000000000014,1,1,0.0
97,8,802.7,247.09,42.75,34.59,1,1,0.0
98,2,209.09,249.09,92.71000000000001,41.82000000000002,1,1,1.0
98,6,585.39,256.14,241.09000000000003,111.06,1,1,1.0
98,7,557.23,273.42,69.97000000000003,31.849999999999966,1,1,0.0
98,8,776.3,246.2,60.10000000000002,35.48000000000002,1,1,0.0
99,2,209.09,249.09,92.71000000000001,41.82000000000002,1,1,1.0
99,6,585.39,256.14,234.71000000000004,111.06,1,1,1.0
99,7,541.78,271.6,69.96000000000004,31.849999999999966,1,1,0.0
99,8,771.75,245.29,60.10000000000002,35.47999999999999,1,1,0.0
100,2,209.09,249.09,92.71000000000001,41.82000000000002,1,1,1.0
100,6,557.21,260.69,255.58999999999992,111.05000000000001,1,1,1.0
100,7,527.23,270.69,69.97000000000003,31.850000000000023,1,1,0.0
100,8,760.84,244.38,53.75999999999999,35.48000000000002,1,1,0.0
101,2,209.09,249.09,92.71000000000001,41.82000000000002,1,1,1.0
101,6,546.3,263.87,255.59000000000003,111.06,1,1,1.0
101,7,511.78,271.6,69.97000000000003,31.849999999999966,1,1,0.0
101,8,748.12,244.38,53.75,35.48000000000002,1,1,0.0
102,2,209.09,249.09,92.71000000000001,41.82000000000002,1,1,1.0
102,6,535.39,267.05,255.59000000000003,111.06,1,1,1.0
102,7,502.69,272.51,69.96999999999997,31.850000000000023,1,1,0.0
102,8,738.12,244.38,53.75,35.48000000000002,1,1,0.0
103,2,209.09,249.09,92.71000000000001,41.82000000000002,1,1,1.0
103,6,535.39,267.05,248.31000000000006,111.06,1,1,1.0
103,7,486.3,272.51,86.35999999999996,31.850000000000023,1,1,0.0
103,8,728.12,244.38,53.75,35.48000000000002,1,1,0.0
104,2,209.09,249.09,92.71000000000001,41.82000000000002,1,1,1.0
104,6,520.85,275.23,260.15,111.06,1,1,1.0
104,7,475.39,270.69,86.36000000000001,31.850000000000023,1,1,0.0
104,8,714.48,245.29,53.75999999999999,35.47999999999999,1,1,0.0
104,9,947.27,235.27,12.730000000000018,31.819999999999965,1,1,1.0
105,2,209.09,249.09,92.71000000000001,41.82000000000002,1,1,1.0
105,6,489.03,261.6,279.27,133.77999999999997,1,1,1.0
105,7,458.12,275.24,86.35000000000002,31.849999999999966,1,1,0.0
105,8,702.66,246.2,61.940000000000055,35.48000000000002,1,1,0.0
105,9,945.23,229.6,14.769999999999982,37.48999999999998,1,1,1.0
106,2,209.09,249.09,92.71000000000001,41.82000000000002,1,1,1.0
106,6,479.03,265.24,279.27,133.77999999999997,1,1,1.0
106,7,451.75,274.33,86.36000000000001,31.850000000000023,1,1,0.0
106,8,692.66,247.11,61.940000000000055,35.47999999999996,1,1,0.0
106,9,943.19,223.94,16.809999999999945,43.14999999999998,1,1,1.0
107,2,209.09,249.09,92.71000000000001,41.82000000000002,1,1,1.0
107,6,459.03,267.96,287.47,133.78000000000003,1,1,1.0
107,7,434.48,278.87,86.36000000000001,31.860000000000014,1,1,0.0
107,8,681.75,245.29,61.940000000000055,35.47999999999999,1,1,0.0
107,9,941.14,218.27,18.860000000000014,48.819999999999965,1,1,1.0
108,2,209.09,249.09,92.71000000000001,41.82000000000002,1,1,1.0
108,6,455.39,268.87,287.47,133.77999999999997,1,1,1.0
108,7,418.1,278.87,102.74000000000001,31.860000000000014,1,1,0.0
108,8,665.4,245.29,78.29000000000008,35.47999999999999,1,1,0.0
108,9,939.1,212.6,20.899999999999977,54.48999999999998,1,1,1.0
109,2,209.09,249.09,92.71000000000001,41.82000000000002,1,1,1.0
109,6,433.57,275.24,298.43,133.77999999999997,1,1,1.0
109,7,404.46,278.87,102.74000000000001,31.860000000000014,1,1,0.0
109,8,645.4,248.02,78.29000000000008,35.47999999999999,1,1,0.0
109,9,935.5,212.6,24.5,54.48999999999998,1,1,1.0
110,2,209.09,249.09,92.71000000000001,41.82000000000002,1,1,1.0
110,6,418.12,272.51,298.42999999999995,145.59000000000003,1,1,1.0
110,7,389.92,279.78,102.72999999999996,31.860000000000014,1,1,0.0
110,8,632.67,250.75,78.29000000000008,35.48000000000002,1,1,0.0
110,9,927.3,212.6,32.700000000000045,54.48999999999998,1,1,1.0
111,2,209.09,249.09,92.71000000000001,41.82000000000002,1,1,1.0
111,6,397.2,272.51,319.34999999999997,145.59000000000003,1,1,1.0
111,7,374.46,279.78,102.74000000000001,31.860000000000014,1,1,0.0
111,8,620.86,254.4,78.28999999999996,31.830000000000013,1,1,0.0
111,9,924.57,213.51,32.69999999999993,54.49000000000001,1,1,1.0
112,2,209.09,249.09,92.71000000000001,41.82000000000002,1,1,1.0
112,6,378.1,272.51,338.44999999999993,151.04000000000002,1,1,1.0
112,7,359.92,279.78,102.72999999999996,31.860000000000014,1,1,0.0
112,8,613.58,253.49,78.28999999999996,31.829999999999984,1,1,0.0
112,9,920.49,213.51,36.77999999999997,54.49000000000001,1,1,1.0
113,2,209.09,249.09,92.71000000000001,41.82000000000002,1,1,1.0
113,6,359.0,272.51,357.54999999999995,156.49,1,1,1.0
113,7,345.37,279.78,102.74000000000001,31.860000000000014,1,1,0.0
113,8,606.31,252.58,78.29000000000008,31.830000000000013,1,1,0.0
113,9,916.4,213.51,40.870000000000005,54.49000000000001,1,1,1.0
114,2,209.09,249.09,92.71000000000001,41.82000000000002,1,1,1.0
114,6,343.1,275.25,350.72,160.55,1,1,1.0
114,7,332.19,280.23,102.74000000000001,31.859999999999957,1,1,0.0
114,8,579.05,256.22,87.82000000000005,31.829999999999984,1,1,0.0
114,9,912.75,213.51,44.51999999999998,54.49000000000001,1,1,1.0
115,2,209.09,249.09,92.71000000000001,41.82000000000002,1,1,1.0
115,6,327.2,278.0,343.90000000000003,164.60000000000002,1,1,1.0
115,7,319.01,280.69,102.73000000000002,31.850000000000023,1,1,0.0
115,8,551.8,259.85,97.35000000000002,31.829999999999984,1,1,0.0
115,9,909.1,213.51,48.16999999999996,54.49000000000001,1,1,1.0
116,2,209.09,249.09,92.71000000000001,41.82000000000002,1,1,1.0
116,6,303.56,281.64,352.04,164.60000000000002,1,1,1.0
116,7,305.37,282.51,102.74000000000001,31.850000000000023,1,1,0.0
116,8,539.07,258.94,97.34999999999991,31.829999999999984,1,1,0.0
116,9,899.1,213.51,58.16999999999996,54.49000000000001,1,1,1.0
117,2,209.09,249.09,92.71000000000001,41.82000000000002,1,1,1.0
117,6,284.5,281.64,359.29999999999995,168.26,1,1,1.0
117,7,283.55,284.33,102.74000000000001,31.850000000000023,1,1,0.0
117,8,526.34,258.04,97.35000000000002,31.819999999999993,1,1,0.0
117,9,894.55,213.51,62.72000000000003,55.389999999999986,1,1,1.0
118,2,209.09,249.09,92.71000000000001,41.82000000000002,1,1,1.0
118,6,268.12,281.64,363.88,168.26,1,1,1.0
118,7,271.7,284.33,114.59000000000003,31.850000000000023,1,1,0.0
118,8,508.2,263.5,115.49000000000007,26.360000000000014,1,1,0.0
118,9,890.0,213.51,67.26999999999998,56.29000000000002,1,1,1.0
119,2,209.09,249.09,92.71000000000001,41.82000000000002,1,1,1.0
119,6,245.4,281.64,375.70000000000005,182.76,1,1,1.0
119,7,253.52,284.33,114.59,31.850000000000023,1,1,0.0
119,8,499.11,268.0,115.49000000000001,29.139999999999986,1,1,0.0
119,9,881.8,213.51,75.47000000000003,56.29000000000002,1,1,1.0
120,2,209.09,249.09,92.71000000000001,41.82000000000002,1,1,1.0
120,6,221.31,287.09,388.44,182.76000000000005,1,1,1.0
120,7,238.52,287.96,114.59,31.860000000000014,1,1,0.0
120,8,486.84,268.91,106.86000000000007,29.129999999999995,1,1,0.0
120,9,878.62,215.78,75.47000000000003,56.28999999999999,1,1,1.0
121,2,209.09,249.09,92.71000000000001,41.82000000000002,1,1,1.0
121,6,197.22,292.54,401.17999999999995,182.76999999999998,1,1,1.0
121,7,223.52,291.6,114.59,31.849999999999966,1,1,0.0
121,8,474.56,269.82,98.23999999999995,29.129999999999995,1,1,0.0
121,9,875.44,218.05,75.46999999999991,56.30000000000001,1,1,1.0
122,2,209.09,249.09,92.71000000000001,41.82000000000002,1,1,1.0
122,6,172.66,294.82,412.1,189.13,1,1,1.0
122,7,203.97,292.05,114.59,31.860000000000014,1,1,0.0
122,8,457.75,269.36,103.25,33.21999999999997,1,1,0.0
122,9,870.89,218.96,75.47000000000003,56.28999999999999,1,1,1.0
123,2,209.09,249.09,92.71000000000001,41.82000000000002,1,1,1.0
123,6,148.1,297.09,423.03,195.51000000000005,1,1,1.0
123,7,184.43,292.51,114.58999999999997,31.850000000000023,1,1,0.0
123,8,440.93,268.91,108.27000000000004,37.289999999999964,1,1,0.0
123,9,866.34,219.87,75.48000000000002,56.29000000000002,1,1,1.0
124,2,209.09,249.09,92.71000000000001,41.82000000000002,1,1,1.0
124,6,124.46,298.91,433.95,199.14,1,1,1.0
124,7,171.7,294.33,114.59000000000003,31.850000000000023,1,1,1.0
124,8,427.75,268.91,108.26999999999998,37.289999999999964,1,1,0.0
124,9,859.98,219.87,75.47000000000003,56.29000000000002,1,1,1.0
125,2,209.09,249.09,92.71000000000001,41.82000000000002,1,1,1.0
125,6,100.83,300.73,444.87000000000006,202.76999999999998,1,1,1.0
125,7,158.97,296.14,114.59,31.860000000000014,1,1,1.0
125,8,414.56,268.91,108.28000000000003,37.289999999999964,1,1,0.0
125,9,853.62,219.87,75.47000000000003,56.29000000000002,1,1,1.0
126,2,209.09,249.09,92.71000000000001,41.82000000000002,1,1,1.0
126,6,73.55,306.61,458.05,202.8,1,1,1.0
126,7,138.99,298.87,116.84,31.860000000000014,1,1,1.0
126,8,392.7,268.91,113.77000000000004,37.289999999999964,1,1,0.0
126,9,839.03,219.87,86.42000000000007,56.29000000000002,1,1,1.0
127,2,209.09,249.09,92.71000000000001,41.82000000000002,1,1,1.0
127,6,46.28,312.5,471.22,202.82000000000005,1,1,1.0
127,7,119.0,301.6,119.11000000000001,31.849999999999966,1,1,1.0
127,8,381.84,268.91,108.27000000000004,37.289999999999964,1,1,0.0
127,9,840.89,219.87,75.47000000000003,56.29000000000002,1,1,1.0
128,2,209.09,249.09,92.71000000000001,41.82000000000002,1,1,1.0
128,6,13.55,313.41,484.84999999999997,202.82,1,1,1.0
128,7,102.64,302.51,119.10000000000001,31.850000000000023,1,1,1.0
128,8,365.47,268.91,108.27999999999997,37.289999999999964,1,1,0.0
128,9,830.0,219.87,86.36000000000001,56.29000000000002,1,1,1.0
129,2,209.09,249.09,92.71000000000001,41.82000000000002,1,1,1.0
129,6,2.64,316.14,484.85,202.82000000000005,1,1,1.0
129,7,86.27,304.33,119.11,31.850000000000023,1,1,1.0
129,8,348.2,270.73,115.55000000000001,37.289999999999964,1,1,0.0
129,9,822.73,220.78,86.36000000000001,56.28999999999999,1,1,1.0
130,2,209.09,249.09,92.71000000000001,41.82000000000002,1,1,1.0
130,6,2.64,316.14,472.16,202.82000000000005,1,1,1.0
130,7,62.64,300.69,119.10000000000001,31.860000000000014,1,1,1.0
130,8,336.38,273.46,115.55000000000001,37.29000000000002,1,1,0.0
130,9,817.27,220.78,86.37,56.28999999999999,1,1,1.0
131,2,209.09,249.09,92.71000000000001,41.82000000000002,1,1,1.0
131,6,2.64,316.14,448.56,202.82000000000005,1,1,1.0
131,7,45.36,304.33,119.11,36.370000000000005,1,1,1.0
131,8,320.93,274.36,115.54000000000002,37.30000000000001,1,1,0.0
131,9,811.82,220.78,86.3599999999999,56.28999999999999,1,1,1.0
132,2,209.09,249.09,92.71000000000001,41.82000000000002,1,1,1.0
132,6,2.64,318.86,448.56,202.81999999999994,1,1,1.0
132,7,29.0,303.42,119.11000000000001,36.370000000000005,1,1,1.0
132,8,300.02,272.55,115.54000000000002,37.289999999999964,1,1,0.0
132,9,807.27,221.24,86.37,56.289999999999964,1,1,1.0
133,2,209.09,249.09,92.71000000000001,41.82000000000002,1,1,1.0
133,6,2.64,318.86,426.76,202.81999999999994,1,1,1.0
133,7,5.36,307.05,130.04,36.379999999999995,1,1,1.0
133,8,290.02,278.0,115.54000000000002,37.29000000000002,1,1,0.0
133,9,802.73,221.69,86.36000000000001,56.29000000000002,1,1,1.0
134,2,209.09,249.09,92.71000000000001,41.82000000000002,1,1,1.0
134,6,2.64,322.03,405.86,199.64999999999998,1,1,1.0
134,7,5.36,307.05,110.94,36.379999999999995,1,1,0.0
134,8,270.93,278.91,115.54000000000002,37.289999999999964,1,1,0.0
134,9,792.73,224.42,86.36000000000001,56.28999999999999,1,1,1.0
135,2,209.09,249.09,92.71000000000001,41.82000000000002,1,1,1.0
135,6,2.64,325.2,384.96000000000004,196.47999999999996,1,1,1.0
135,7,0.0,309.78,107.21,36.370000000000005,1,1,0.0
135,8,254.6,278.91,125.50000000000003,37.289999999999964,1,1,0.0
135,9,784.5,224.42,94.59000000000003,56.28999999999999,1,1,1.0
136,2,209.09,249.09,92.71000000000001,41.82000000000002,1,1,1.0
136,6,2.64,330.2,366.31,191.47999999999996,1,1,1.0
136,7,0.0,309.78,86.75,36.370000000000005,1,1,0.0
136,8,236.87,280.27,125.5,37.29000000000002,1,1,0.0
136,9,775.86,224.87,94.59000000000003,56.29000000000002,1,1,1.0
137,2,209.09,249.09,92.71000000000001,41.82000000000002,1,1,0.0
137,6,2.64,335.2,347.66,186.47999999999996,1,1,1.0
137,7,0.0,309.78,66.3,36.370000000000005,1,1,0.0
137,8,219.15,281.64,125.49999999999997,37.29000000000002,1,1,0.0
137,9,767.23,225.33,94.59000000000003,56.28999999999999,1,1,1.0
138,2,209.09,249.09,92.71000000000001,41.82000000000002,1,1,0.0
138,6,2.64,335.2,324.06,186.47999999999996,1,1,1.0
138,7,0.0,309.78,48.1,36.370000000000005,1,1,0.0
138,8,202.78,286.18,125.49999999999997,37.29000000000002,1,1,0.0
138,9,760.86,224.42,94.59000000000003,59.880000000000024,1,1,1.0
138,10,721.82,503.46,108.17999999999995,19.089999999999975,1,1,1.0
139,2,209.09,249.09,92.71000000000001,41.82000000000002,1,1,0.0
139,6,2.64,345.2,311.36,176.47999999999996,1,1,1.0
139,7,0.0,309.78,26.3,36.370000000000005,1,1,0.0
139,8,190.96,283.5,125.49999999999997,40.879999999999995,1,1,0.0
139,9,749.05,225.33,106.45000000000005,59.87999999999997,1,1,1.0
139,10,731.82,496.19,108.17999999999995,25.44999999999999,1,1,1.0
140,2,209.09,249.09,92.71000000000001,41.82000000000002,1,1,0.0
140,6,2.64,345.2,285.86,176.47999999999996,1,1,1.0
140,7,0.0,309.78,11.8,36.370000000000005,1,1,0.0
140,8,175.51,287.14,125.5,40.879999999999995,1,1,0.0
140,9,742.68,227.14,106.46000000000004,59.889999999999986,1,1,1.0
140,10,744.55,496.19,108.18000000000006,25.44999999999999,1,1,1.0
141,2,209.09,249.09,92.71000000000001,41.82000000000002,1,1,0.0
141,6,2.64,357.0,267.66,164.67999999999995,1,1,1.0
141,8,158.24,288.96,125.5,40.879999999999995,1,1,0.0
141,9,740.86,227.6,100.53999999999996,59.880000000000024,1,1,1.0
141,10,744.55,488.9,126.35000000000002,32.74000000000001,1,1,1.0
142,2,209.09,249.09,92.71000000000001,41.82000000000002,1,1,0.0
142,6,2.64,357.0,244.96,164.67999999999995,1,1,1.0
142,8,141.87,287.14,125.5,47.27000000000004,1,1,1.0
142,9,739.05,228.05,94.61000000000001,59.889999999999986,1,1,1.0
142,10,744.55,479.8,126.35000000000002,41.839999999999975,1,1,1.0
143,2,209.09,249.09,92.71000000000001,41.82000000000002,1,1,0.0
143,6,2.64,357.0,219.46,164.67999999999995,1,1,1.0
143,8,127.33,287.14,125.50000000000001,47.27000000000004,1,1,0.0
143,9,732.68,229.87,94.62,59.879999999999995,1,1,1.0
143,10,756.37,478.0,126.35000000000002,48.17999999999995,1,1,1.0
144,2,209.09,249.09,92.71000000000001,41.82000000000002,1,1,0.0
144,6,2.64,357.0,194.96,164.67999999999995,1,1,1.0
144,8,104.6,286.23,125.5,47.26999999999998,1,1,0.0
144,9,717.2,228.05,101.91999999999996,59.889999999999986,1,1,1.0
144,10,762.73,471.6,126.35000000000002,54.57999999999993,1,1,1.0
145,2,209.09,249.09,92.71000000000001,41.82000000000002,1,1,0.0
145,6,2.64,357.0,173.16000000000003,164.67999999999995,1,1,1.0
145,8,85.51,286.23,130.99,47.26999999999998,1,1,0.0
145,9,710.8,228.96,104.68000000000006,59.87999999999997,1,1,1.0
145,10,774.55,469.78,126.35000000000002,54.59000000000003,1,1,1.0
146,2,209.09,249.09,92.71000000000001,41.82000000000002,1,1,0.0
146,6,3.55,368.8,153.14999999999998,159.24999999999994,1,1,1.0
146,8,65.51,290.77,141.89,47.28000000000003,1,1,0.0
146,9,701.71,229.87,104.67999999999995,59.879999999999995,1,1,1.0
146,10,785.46,463.4,126.34999999999991,64.60000000000002,1,1,1.0
147,2,209.09,249.09,92.71000000000001,41.82000000000002,1,1,0.0
147,6,3.55,368.8,129.54999999999998,159.24999999999994,1,1,1.0
147,8,51.87,294.41,141.89,47.26999999999998,1,1,0.0
147,9,695.3,229.87,111.09000000000003,59.879999999999995,1,1,1.0
147,10,785.46,458.9,126.34999999999991,69.10000000000002,1,1,1.0
148,2,209.09,249.09,92.71000000000001,41.82000000000002,1,1,0.0
148,6,0.83,378.8,98.64,159.24999999999994,1,1,1.0
148,8,30.96,294.41,141.89,47.26999999999998,1,1,0.0
148,9,685.3,231.69,111.09000000000003,59.879999999999995,1,1,1.0
148,10,798.18,455.3,126.36000000000001,72.69999999999999,1,1,1.0
149,2,209.09,249.09,92.71000000000001,41.82000000000002,1,1,0.0
149,6,0.83,378.8,68.67,159.24999999999994,1,1,1.0
149,8,15.51,297.14,141.89000000000001,47.27000000000004,1,1,0.0
149,9,668.94,233.51,111.08999999999992,59.879999999999995,1,1,1.0
149,10,806.36,448.94,126.36000000000001,72.69999999999999,1,1,1.0
150,2,209.09,249.09,92.71000000000001,41.82000000000002,1,1,0.0
150,6,0.0,386.07,47.7,153.93,1,1,1.0
150,8,0.96,298.96,141.89,47.27000000000004,1,1,0.0
150,9,663.03,233.96,111.09000000000003,59.890000000000015,1,1,1.0
150,10,820.0,448.03,126.35000000000002,72.70000000000005,1,1,1.0
151,2,209.09,249.09,92.71000000000001,41.82000000000002,1,1,0.0
151,6,0.0,405.2,19.5,134.8,1,1,1.0
151,8,0.96,298.96,112.84,47.27000000000004,1,1,0.0
151,9,657.12,234.42,111.09000000000003,59.880000000000024,1,1,1.0
151,10,830.0,438.9,118.16999999999996,80.92000000000007,1,1,1.0
152,2,209.09,249.09,92.71000000000001,41.82000000000002,1,1,0.0
152,8,0.96,298.96,104.64,47.27000000000004,1,1,1.0
152,9,650.75,233.51,111.09000000000003,59.879999999999995,1,1,1.0
152,10,835.5,438.9,112.66999999999996,80.92000000000007,1,1,1.0
153,2,209.09,249.09,92.71000000000001,41.82000000000002,1,1,0.0
153,8,0.96,298.96,82.84,47.27000000000004,1,1,1.0
153,9,642.57,235.33,111.08999999999992,59.87999999999997,1,1,1.0
153,10,847.24,428.9,104.56999999999994,80.92000000000002,1,1,1.0
154,2,209.09,249.09,92.71000000000001,41.82000000000002,1,1,0.0
154,8,0.96,298.96,64.64,47.27000000000004,1,1,1.0
154,9,630.75,232.6,111.09000000000003,59.880000000000024,1,1,1.0
154,10,854.53,426.17,100.0,80.91999999999996,1,1,1.0
155,2,209.09,249.09,92.71000000000001,41.82000000000002,1,1,0.0
155,8,0.96,298.96,48.24,47.27000000000004,1,1,1.0
155,9,621.66,234.42,111.09000000000003,59.880000000000024,1,1,1.0
155,10,863.6,426.17,95.5,80.91999999999996,1,1,1.0
156,2,209.09,249.09,92.71000000000001,41.82000000000002,1,1,0.0
156,8,0.96,298.96,33.74,47.27000000000004,1,1,1.0
156,9,615.3,234.42,111.09000000000003,59.880000000000024,1,1,1.0
156,10,864.47,417.99,91.89999999999998,80.92000000000002,1,1,1.0
157,2,209.09,249.09,92.71000000000001,41.82000000000002,1,1,0.0
157,8,0.96,298.96,6.44,47.27000000000004,1,1,1.0
157,9,606.21,235.33,111.08999999999992,59.87999999999997,1,1,1.0
157,10,878.1,417.99,78.26999999999998,80.92000000000002,1,1,1.0
158,2,209.09,249.09,92.71000000000001,41.82000000000002,1,1,0.0
158,9,592.57,235.33,116.52999999999997,59.87999999999997,1,1,1.0
158,10,882.6,414.4,73.76999999999998,78.10000000000002,1,1,1.0
159,2,209.09,249.09,92.71000000000001,41.82000000000002,1,1,0.0
159,9,586.21,235.33,116.52999999999997,59.87999999999997,1,1,1.0
159,10,887.15,408.95,72.85000000000002,78.10000000000002,1,1,1.0
160,2,209.09,249.09,92.71000000000001,41.82000000000002,1,1,0.0
160,9,570.75,236.24,116.52999999999997,59.879999999999995,1,1,1.0
160,10,893.5,408.95,66.5,78.10000000000002,1,1,1.0
161,2,209.09,249.09,92.71000000000001,41.82000000000002,1,1,0.0
161,9,565.3,238.05,116.53000000000009,59.889999999999986,1,1,1.0
161,10,898.0,400.76,62.0,78.10000000000002,1,1,1.0
162,2,209.09,249.09,92.71000000000001,41.82000000000002,1,1,0.0
162,9,548.02,238.05,116.52999999999997,63.55000000000001,1,1,1.0
162,10,900.7,400.76,59.299999999999955,71.74000000000001,1,1,1.0
163,2,209.09,249.09,92.71000000000001,41.82000000000002,1,1,0.0
163,9,548.02,238.05,116.52999999999997,63.55000000000001,1,1,0.0
163,10,912.5,400.76,47.5,65.34000000000003,1,1,1.0
164,2,209.09,249.09,92.71000000000001,41.82000000000002,1,1,0.0
164,9,534.39,238.05,116.52999999999997,63.55000000000001,1,1,0.0
164,10,920.7,400.76,39.299999999999955,65.34000000000003,1,1,1.0
165,2,209.09,249.09,92.71000000000001,41.82000000000002,1,1,0.0
165,9,522.57,238.05,116.52999999999997,63.55000000000001,1,1,0.0
165,10,920.7,400.76,39.299999999999955,58.04000000000002,1,1,1.0
166,2,209.09,249.09,92.71000000000001,41.82000000000002,1,1,0.0
166,9,511.66,238.96,116.53000000000003,63.54999999999998,1,1,0.0
166,10,924.34,388.04,35.65999999999997,58.02999999999997,1,1,1.0
167,2,209.09,249.09,92.71000000000001,41.82000000000002,1,1,0.0
167,9,494.4,238.96,124.70000000000005,63.54999999999998,1,1,0.0
167,10,938.0,388.04,22.0,58.02999999999997,1,1,1.0
168,2,209.09,249.09,92.71000000000001,41.82000000000002,1,1,0.0
168,9,487.1,238.96,132.0,63.54999999999998,1,1,0.0
168,10,942.1,388.04,17.899999999999977,58.02999999999997,1,1,1.0
169,2,209.09,249.09,92.71000000000001,41.82000000000002,1,1,0.0
169,9,470.74,238.96,131.99,67.14000000000001,1,1,0.0
169,10,946.2,388.04,13.799999999999955,58.02999999999997,1,1,1.0
170,2,209.09,249.09,92.71000000000001,41.82000000000002,1,1,0.0
170,9,461.6,238.96,131.10000000000002,67.14000000000001,1,1,0.0
170,10,950.7,388.04,9.299999999999955,58.02999999999997,1,1,1.0
171,2,209.09,249.09,92.71000000000001,41.82000000000002,1,1,0.0
171,9,449.8,238.96,132.90000000000003,67.14000000000001,1,1,0.0
171,10,952.5,388.04,7.5,58.02999999999997,1,1,1.0
172,2,209.09,249.09,92.71000000000001,41.82000000000002,1,1,0.0
172,9,437.53,238.51,132.89999999999998,67.13999999999999,1,1,0.0
173,2,209.09,249.09,92.71000000000001,41.82000000000002,1,1,0.0
173,9,425.25,238.05,132.89999999999998,67.13999999999999,1,1,0.0
174,2,209.09,249.09,92.71000000000001,41.82000000000002,1,1,0.0
174,9,414.8,239.42,132.90000000000003,67.13000000000002,1,1,0.0
175,2,209.09,249.09,92.71000000000001,41.82000000000002,1,1,0.0
175,9,404.34,240.78,132.90000000000003,67.14000000000001,1,1,0.0
176,2,209.09,249.09,92.71000000000001,41.82000000000002,1,1,0.0
176,9,393.89,241.23,132.89999999999998,67.14000000000001,1,1,0.0
177,2,209.09,249.09,92.71000000000001,41.82000000000002,1,1,0.0
177,9,383.44,241.69,132.90000000000003,67.13999999999999,1,1,0.0
178,2,209.09,249.09,92.71000000000001,41.82000000000002,1,1,0.0
178,9,372.98,240.78,132.89999999999998,67.14000000000001,1,1,0.0
179,2,209.09,249.09,92.71000000000001,41.82000000000002,1,1,0.0
179,9,362.53,239.87,132.90000000000003,67.13999999999999,1,1,0.0
180,2,209.09,249.09,92.71000000000001,41.82000000000002,1,1,0.0
180,9,348.89,241.69,132.90000000000003,67.13999999999999,1,1,0.0
181,2,209.09,249.09,92.71000000000001,41.82000000000002,1,1,0.0
181,9,335.25,243.51,132.89999999999998,67.13,1,1,0.0
182,2,209.09,249.09,92.71000000000001,41.82000000000002,1,1,0.0
182,9,326.16,243.51,132.89999999999998,67.13,1,1,0.0
183,2,209.09,249.09,92.71000000000001,41.82000000000002,1,1,0.0
183,9,317.07,243.51,132.90000000000003,67.13,1,1,0.0
184,2,209.09,249.09,92.71000000000001,41.82000000000002,1,1,0.0
184,9,307.07,245.33,132.90000000000003,67.12999999999997,1,1,0.0
185,2,209.09,249.09,92.71000000000001,41.82000000000002,1,1,0.0
185,9,298.89,244.42,132.90000000000003,67.13000000000002,1,1,0.0
186,2,209.09,249.09,92.71000000000001,41.82000000000002,1,1,0.0
186,9,280.71,246.23,132.90000000000003,67.14000000000001,1,1,0.0
187,2,209.09,249.09,92.71000000000001,41.82000000000002,1,1,0.0
187,9,268.89,246.23,139.31,67.14000000000001,1,1,0.0
188,2,209.09,249.09,92.71000000000001,41.82000000000002,1,1,0.0
188,9,253.4,246.23,154.79999999999998,67.14000000000001,1,1,0.0
189,2,209.09,249.09,92.71000000000001,41.82000000000002,1,1,0.0
189,9,237.04,255.33,154.79999999999998,67.12999999999997,1,1,0.0
190,2,209.09,249.09,92.71000000000001,41.82000000000002,1,1,0.0
190,9,224.31,255.33,154.8,67.12999999999997,1,1,0.0
